 2.7 19883 17565 20212 
 3.5 19719 17565 20073 
 5.0 18834 17564 19275 
 8.2 17752 18491 18998 
10.0 17152 17669 17858 
13.3 16570 14705 15153 
14.0 16280 14575 14665 
15.0 14540 14140 14222 
16.0 13765 13593 13701 
17.5 13487 12963 13014 
19.5 12397 12055 12059 
20.7 11785 11904 11891 
22.1 11588 11251 11214 
23.6 10975 10613 10587 
25.3  9844 10304  9905 
27.0  9515  9515  9382 
27.8  8648  8720  8716 
31.6  7244  7718  7594 
35.4  6142  6301  6230 
41.7  5027  4870  5023 
43.8  4605  4500  4606 
47.4  4027  4200  4026 
